start=05,01

01,01 01,02 01,03 01,04 01,05 01,06 01,07 01,08 01,09 01,10 01,11 01,12 01,13 01,14 01,15 01,16 01,17 01,18 01,19 01,20 01,21 01,22 01,23 01,24 01,25 01,26 01,27 01,28 01,29 01,30
02,01                                                 02,10                                                                                                                   02,30
03,01                                                                                                                                                                         03,30
04,01 04,02 04,03 04,04 04,05 04,06 04,07 04,08       04,10 04,11 04,12 04,13 04,14 04,15 04,16 04,17 04,18 04,19 04,20 04,21 04,22 04,23 04,24 04,25 04,26 04,27 04,28 04,29 04,30
                                          05,08
06,01 06,02 06,03 06,04       06,06 06,07 06,08       06,10 06,11 06,12 06,13 06,14 06,15 06,16 06,17 06,18 06,19 06,20 06,21 06,22 06,23 06,24 06,25 06,26 06,27 06,28 06,29 06,30
07,01                                     07,08                                                                                                                               07,30
08,01                                     08,08                                                                                                                               08,30
09,01                                     09,08                                                                                                                               09,30
10,01                                                                                                                                                                         10,30
11,01                                                                                                                                                                         11,30
12,01                                                                                                                                                                         12,30
13,01                                                                                                                                                                         13,30
14,01                                                                                                                                                                         14,30
15,01 15,02 15,03 15,04 15,05 15,06 15,07 15,08 15,09 15,10 15,11 15,12 15,13 15,14 15,15 15,16 15,17 15,18 15,19 15,20 15,21 15,22 15,23 15,24 15,25 15,26 15,27 15,28 15,29 15,30
