start=14,01

01,01 01,02 01,03 01,04 01,05 01,06 01,07 01,08 01,09 01,10 01,11 01,12 01,13 01,14 01,15 01,16 01,17 01,18 01,19 01,20 01,21 01,22 01,23 01,24 01,25 01,26 01,27 01,28 01,29 01,30
02,01                                                                                                                                                                         02,30
03,01       03,03 03,04 03,05 03,06 03,07 03,08 03,09 03,10 03,11 03,12 03,13 03,14 03,15 03,16 03,17 03,18 03,19 03,20 03,21 03,22 03,23 03,24 03,25 03,26 03,27 03,28 03,29 03,30
04,01                                     04,08                                                                                                                               04,30
05,01                         05,06       05,08                                                                                           05,24                               05,30
06,01                         06,06       06,08                                                                                           06,24                               06,30
07,01                         07,06       07,08                                                                                           07,24                               07,30
08,01                         08,06       08,08                                                                                           08,24                   08,28       08,30
09,01                         09,06       09,08                                                                                           09,24                               09,30
10,01                         10,06       10,08                                                                                           10,24                               10,30
11,01                         11,06       11,08                                                                                           11,24                   11,28
12,01                         12,06                                                                                                                                           12,30
13,01       13,03 13,04 13,05 13,06 13,07 13,08 13,09 13,10 13,11 13,12 13,13 13,14 13,15 13,16 13,17 13,18 13,19 13,20 13,21 13,22 13,23 13,24 13,25 13,26 13,27 13,28 13,29 13,30
                                                                                                                                                                              14,30
15,01 15,02 15,03 15,04 15,05 15,06 15,07 15,08 15,09 15,10 15,11 15,12 15,13 15,14 15,15 15,16 15,17 15,18 15,19 15,20 15,21 15,22 15,23 15,24 15,25 15,26 15,27 15,28 15,29 15,30
