start=08,01

01,01 01,02 01,03 01,04 01,05 01,06 01,07 01,08 01,09 01,10 01,11 01,12 01,13 01,14 01,15 01,16 01,17 01,18 01,19 01,20 01,21 01,22 01,23 01,24 01,25 01,26 01,27 01,28 01,29 01,30
02,01                                                                                                       02,19                                           02,27       02,29 02,30
03,01       03,03 03,04 03,05 03,06       03,08 03,09 03,10       03,12 03,13 03,14 03,15 03,16 03,17       03,19             03,22 03,23 03,24 03,25                         03,30
04,01       04,03             04,06       04,08                   04,12                                     04,19       04,21                         04,26             04,29 04,30
05,01       05,03 05,04       05,06       05,08       05,10                   05,14 05,15 05,16 05,17 05,18 05,19 05,20             05,23 05,24             05,27             05,30
06,01       06,03             06,06                   06,10       06,12 06,13       06,15       06,17                         06,22             06,25             06,28       06,30
07,01       07,03       07,05 07,06       07,08             07,11                                           07,19       07,21                         07,26                   07,30
            08,03                         08,08 08,09                         08,14 08,15 08,16 08,17 08,18 08,19 08,20             08,23 08,24
09,01       09,03       09,05 09,06       09,08             09,11                                           09,19       09,21                         09,26                   09,30
10,01       10,03             10,06                   10,10       10,12 10,13       10,15       10,17                         10,22             10,25             10,28       10,30
11,01       11,03 11,04       11,06       11,08       11,10                   11,14 11,15 11,16 11,17 11,18 11,19 11,20             11,23 11,24             11,27             11,30
12,01       12,03             12,06       12,08                   12,12                                     12,19       12,21                         12,26             12,29 12,30
13,01       13,03 13,04 13,05 13,06       13,08 13,09 13,10       13,12 13,13 13,14 13,15 13,16 13,17       13,19             13,22 13,23 13,24 13,25                         13,30
14,01                                                                                                       14,19                                           14,27       14,29 14,30
15,01 15,02 15,03 15,04 15,05 15,06 15,07 15,08 15,09 15,10 15,11 15,12 15,13 15,14 15,15 15,16 15,17 15,18 15,19 15,20 15,21 15,22 15,23 15,24 15,25 15,26 15,27 15,28 15,29 15,30
