start=02,01

01,01 01,02 01,03 01,04 01,05 01,06 01,07 01,08 01,09 01,10 01,11 01,12 01,13 01,14 01,15 01,16 01,17 01,18 01,19 01,20 01,21 01,22 01,23 01,24 01,25 01,26 01,27 01,28 01,29 01,30
                                                                                                                                                                              02,30
03,01       03,03 03,04 03,05 03,06 03,07 03,08 03,09 03,10 03,11 03,12 03,13 03,14 03,15 03,16 03,17 03,18 03,19 03,20 03,21 03,22 03,23 03,24 03,25 03,26 03,27 03,28       03,30
04,01       04,03                                                                                                                                                 04,28       04,30
05,01       05,03       05,05 05,06 05,07 05,08 05,09 05,10 05,11 05,12 05,13 05,14 05,15 05,16 05,17 05,18 05,19 05,20 05,21 05,22 05,23 05,24 05,25 05,26       05,28       05,30
06,01       06,03       06,05                                                                                                                         06,26       06,28       06,30
07,01       07,03       07,05       07,07 07,08 07,09 07,10 07,11 07,12 07,13 07,14 07,15 07,16 07,17 07,18 07,19 07,20 07,21 07,22 07,23 07,24       07,26       07,28       07,30
08,01       08,03       08,05       08,07                                                                                                             08,26       08,28       08,30
09,01       09,03       09,05       09,07 09,08 09,09 09,10 09,11 09,12 09,13 09,14 09,15 09,16 09,17 09,18 09,19 09,20 09,21 09,22 09,23 09,24 09,25 09,26       09,28       09,30
10,01       10,03       10,05                                                                                                                                     10,28       10,30
11,01       11,03       11,05 11,06 11,07 11,08 11,09 11,10 11,11 11,12 11,13 11,14 11,15 11,16 11,17 11,18 11,19 11,20 11,21 11,22 11,23 11,24 11,25 11,26 11,27 11,28       11,30
12,01       12,03                                                                                                                                                             12,30
13,01       13,03 13,04 13,05 13,06 13,07 13,08 13,09 13,10 13,11 13,12 13,13 13,14 13,15 13,16 13,17 13,18 13,19 13,20 13,21 13,22 13,23 13,24 13,25 13,26 13,27 13,28 13,29 13,30
14,01
15,01 15,02 15,03 15,04 15,05 15,06 15,07 15,08 15,09 15,10 15,11 15,12 15,13 15,14 15,15 15,16 15,17 15,18 15,19 15,20 15,21 15,22 15,23 15,24 15,25 15,26 15,27 15,28 15,29 15,30
